{"producer":{"name":"Blender","version":"3.3.4","exporter_version":"3.3.1","file":"zombie_first_new.babylon"},
"autoClear":true,"clearColor":[0.0509,0.0509,0.0509],"gravity":[0,-9.81,0],
"materials":[{"name":"Zombie.002_baked","id":"Zombie.002_baked","customType":"BABYLON.PBRMaterial","emissive":[0,0,0],"reflectivity":[0.5,0.5,0.5],"roughness":1,"metallic":1, 
"albedoTexture":{"name":".","hasAlpha":true,"level":1,"coordinatesMode":0,"coordinatesIndex":0,"wrapU":1,"wrapV":1},"useAlphaFromAlbedoTexture":true, 
"bumpTexture":{"name":".","hasAlpha":false,"level":1,"coordinatesMode":0,"coordinatesIndex":0,"wrapU":1,"wrapV":1}, 
"metallicTexture":{"name":".","hasAlpha":true,"level":1,"coordinatesMode":0,"coordinatesIndex":0,"wrapU":1,"wrapV":1},"useMetallnessFromMetallicTextureBlue":true,"useRoughnessFromMetallicTextureGreen":true,"useAmbientOcclusionFromMetallicTextureRed":false,"useRoughnessFromMetallicTextureAlpha":false},
{"name":"Top","id":"Top","customType":"BABYLON.PBRMaterial","emissive":[0,0,0],"reflectivity":[0,0,0],"roughness":1,"metallic":0, 
"albedoTexture":{"name":".","hasAlpha":true,"level":1,"coordinatesMode":0,"coordinatesIndex":0,"wrapU":1,"wrapV":1},"useAlphaFromAlbedoTexture":true},
{"name":"Bottom","id":"Bottom","customType":"BABYLON.PBRMaterial","emissive":[0,0,0],"reflectivity":[0,0,0],"roughness":1,"metallic":0, 
"albedoTexture":{"name":".","hasAlpha":true,"level":1,"coordinatesMode":0,"coordinatesIndex":0,"wrapU":1,"wrapV":1},"useAlphaFromAlbedoTexture":true, 
"bumpTexture":{"name":".","hasAlpha":true,"level":1,"coordinatesMode":0,"coordinatesIndex":0,"wrapU":1,"wrapV":1}}],
"skeletons":[{"name":"Armature.001","id":0,"dimensionsAtRest":[2.0042,3.1889,2.8169],"bones":[
{"name":"mixamorig:Hips","index":0,"matrix":[0.8351,0.0991,0.5411,0,-0.5481,0.0677,0.8336,0,-0.046,0.9928,-0.1108,0,0.0028,1.0161,0.0089,1],"rest":[1,0,0,0,0,0,1,0,0,1,0,0,0,1.166,-0.0158,1],"parentBoneIndex":-1,"length":0.0854
,"animation":
{"name":"anim","property":"_matrix","dataType":3,"framePerSecond":24,"loopBehavior":1,"keys":[
{"frame":0,"values":[0.8375,0.1019,0.5368,0,-0.5436,0.0566,0.8374,0,-0.055,0.9932,-0.1028,0,0.0082,1.0187,0.0093,1]},
{"frame":1,"values":[0.8351,0.0991,0.5411,0,-0.5481,0.0677,0.8336,0,-0.046,0.9928,-0.1108,0,0.0028,1.0161,0.0089,1]},
{"frame":2,"values":[0.8262,0.0874,0.5565,0,-0.5633,0.1166,0.818,0,-0.0066,0.9893,-0.1456,0,-0.0221,1.0061,0.0074,1]},
{"frame":3,"values":[0.8252,0.0839,0.5586,0,-0.5647,0.1482,0.8119,0,0.0147,0.9854,-0.1697,0,-0.0409,1.0058,0.0078,1]},
{"frame":4,"values":[0.8257,0.0894,0.557,0,-0.5636,0.1735,0.8076,0,0.0244,0.9808,-0.1936,0,-0.0531,1.0132,0.0115,1]},
{"frame":5,"values":[0.8267,0.0986,0.5539,0,-0.5618,0.1979,0.8033,0,0.0304,0.9752,-0.219,0,-0.0599,1.023,0.0185,1]},
{"frame":6,"values":[0.8309,0.1035,0.5467,0,-0.5554,0.2128,0.8039,0,0.0331,0.9716,-0.2342,0,-0.0642,1.0305,0.0267,1]},
{"frame":7,"values":[0.8372,0.1017,0.5374,0,-0.5459,0.2131,0.8103,0,0.0321,0.9717,-0.2339,0,-0.0669,1.0348,0.0355,1]},
{"frame":8,"values":[0.8442,0.0951,0.5275,0,-0.5352,0.203,0.82,0,0.0291,0.9745,-0.2223,0,-0.0686,1.0364,0.045,1]},
{"frame":9,"values":[0.8524,0.0865,0.5156,0,-0.5222,0.1899,0.8314,0,0.026,0.978,-0.207,0,-0.0702,1.0361,0.055,1]},
{"frame":10,"values":[0.861,0.0772,0.5027,0,-0.5079,0.1807,0.8422,0,0.0258,0.9805,-0.1948,0,-0.0726,1.0345,0.0649,1]},
{"frame":11,"values":[0.869,0.0663,0.4903,0,-0.4937,0.1799,0.8508,0,0.0318,0.9815,-0.1891,0,-0.0768,1.0323,0.0741,1]},
{"frame":12,"values":[0.8762,0.054,0.4789,0,-0.48,0.1857,0.8574,0,0.0426,0.9811,-0.1886,0,-0.0836,1.0303,0.0821,1]},
{"frame":13,"values":[0.8816,0.0421,0.4702,0,-0.469,0.1908,0.8623,0,0.0534,0.9807,-0.188,0,-0.0935,1.0285,0.0885,1]},
{"frame":14,"values":[0.8843,0.0317,0.4659,0,-0.4626,0.1946,0.8649,0,0.0632,0.9804,-0.1867,0,-0.1056,1.0263,0.094,1]},
{"frame":15,"values":[0.883,0.0227,0.4689,0,-0.4633,0.2025,0.8627,0,0.0754,0.979,-0.1894,0,-0.119,1.0233,0.0987,1]},
{"frame":16,"values":[0.8753,0.0165,0.4832,0,-0.475,0.2155,0.8532,0,0.0901,0.9764,-0.1965,0,-0.1332,1.0198,0.1021,1]},
{"frame":17,"values":[0.8599,0.017,0.5102,0,-0.5007,0.223,0.8364,0,0.0996,0.9747,-0.2002,0,-0.1476,1.0159,0.104,1]},
{"frame":18,"values":[0.8419,0.0229,0.5392,0,-0.5303,0.2205,0.8187,0,0.1002,0.9751,-0.1978,0,-0.1612,1.012,0.1055,1]},
{"frame":19,"values":[0.8259,0.0311,0.563,0,-0.5555,0.216,0.803,0,0.0966,0.9759,-0.1957,0,-0.173,1.0091,0.1072,1]},
{"frame":20,"values":[0.8136,0.0395,0.5801,0,-0.5736,0.2181,0.7896,0,0.0953,0.9751,-0.2,0,-0.183,1.0083,0.109,1]},
{"frame":21,"values":[0.8061,0.0451,0.59,0,-0.5837,0.224,0.7804,0,0.097,0.9735,-0.2069,0,-0.1912,1.0099,0.1101,1]},
{"frame":22,"values":[0.8015,0.0471,0.5961,0,-0.5898,0.226,0.7752,0,0.0982,0.973,-0.209,0,-0.1978,1.0136,0.11,1]},
{"frame":23,"values":[0.7954,0.0483,0.6041,0,-0.5982,0.2228,0.7698,0,0.0974,0.9737,-0.2061,0,-0.2023,1.0196,0.1089,1]},
{"frame":24,"values":[0.7851,0.0536,0.617,0,-0.6125,0.2143,0.7608,0,0.0914,0.9753,-0.2011,0,-0.2045,1.0277,0.1081,1]},
{"frame":25,"values":[0.7762,0.064,0.6272,0,-0.6258,0.1989,0.7542,0,0.0765,0.9779,-0.1945,0,-0.2043,1.0373,0.1091,1]},
{"frame":26,"values":[0.777,0.073,0.6252,0,-0.6268,0.1815,0.7578,0,0.0582,0.9807,-0.1868,0,-0.2026,1.0473,0.111,1]},
{"frame":27,"values":[0.7883,0.0769,0.6105,0,-0.6138,0.1668,0.7716,0,0.0425,0.983,-0.1787,0,-0.2,1.0571,0.1131,1]},
{"frame":28,"values":[0.8037,0.0761,0.5901,0,-0.5942,0.154,0.7895,0,0.0308,0.9851,-0.1689,0,-0.1966,1.066,0.1157,1]},
{"frame":29,"values":[0.8177,0.0733,0.571,0,-0.5753,0.139,0.8061,0,0.0203,0.9876,-0.1558,0,-0.1921,1.0732,0.1191,1]},
{"frame":30,"values":[0.8302,0.0705,0.553,0,-0.5574,0.124,0.821,0,0.0107,0.9898,-0.1422,0,-0.1871,1.0792,0.1224,1]},
{"frame":31,"values":[0.8415,0.0668,0.5361,0,-0.5402,0.1128,0.8339,0,0.0048,0.9914,-0.131,0,-0.1824,1.0846,0.1246,1]},
{"frame":32,"values":[0.8504,0.0602,0.5227,0,-0.5261,0.1048,0.8439,0,0.0039,0.9927,-0.1208,0,-0.1784,1.0894,0.1256,1]},
{"frame":33,"values":[0.8569,0.0508,0.5129,0,-0.5154,0.0954,0.8516,0,0.0056,0.9941,-0.108,0,-0.1745,1.0926,0.1255,1]},
{"frame":34,"values":[0.8641,0.0421,0.5016,0,-0.5033,0.0842,0.86,0,0.0061,0.9956,-0.0939,0,-0.1703,1.0946,0.1254,1]},
{"frame":35,"values":[0.8735,0.0352,0.4856,0,-0.4868,0.0743,0.8703,0,0.0055,0.9966,-0.0821,0,-0.1655,1.0957,0.1256,1]},
{"frame":36,"values":[0.8844,0.0289,0.4658,0,-0.4666,0.069,0.8818,0,0.0067,0.9972,-0.0745,0,-0.16,1.0962,0.1265,1]},
{"frame":37,"values":[0.895,0.0234,0.4455,0,-0.4461,0.0688,0.8924,0,0.0098,0.9974,-0.072,0,-0.1541,1.096,0.1276,1]},
{"frame":38,"values":[0.9035,0.0221,0.428,0,-0.4285,0.0702,0.9008,0,0.0101,0.9973,-0.0729,0,-0.1491,1.0959,0.128,1]},
{"frame":39,"values":[0.9094,0.0243,0.4151,0,-0.4158,0.0714,0.9067,0,0.0076,0.9972,-0.075,0,-0.1457,1.0958,0.1271,1]},
{"frame":40,"values":[0.9131,0.0236,0.4071,0,-0.4077,0.0729,0.9102,0,0.0082,0.9971,-0.0761,0,-0.1435,1.095,0.1253,1]},
{"frame":41,"values":[0.9162,0.0158,0.4003,0,-0.4004,0.075,0.9133,0,0.0156,0.9971,-0.075,0,-0.1412,1.0928,0.1227,1]},
{"frame":42,"values":[0.9218,0.0066,0.3877,0,-0.387,0.0757,0.919,0,0.0233,0.9971,-0.0723,0,-0.1376,1.0909,0.1186,1]},
{"frame":43,"values":[0.9318,-0.0022,0.363,0,-0.3619,0.0742,0.9293,0,0.029,0.9972,-0.0683,0,-0.1317,1.0895,0.1128,1]},
{"frame":44,"values":[0.9468,-0.0122,0.3216,0,-0.32,0.0714,0.9447,0,0.0345,0.9974,-0.0637,0,-0.1229,1.0877,0.1052,1]},
{"frame":45,"values":[0.9669,-0.0195,0.2544,0,-0.2527,0.0646,0.9654,0,0.0353,0.9977,-0.0575,0,-0.1096,1.0845,0.0957,1]},
{"frame":46,"values":[0.9872,-0.0188,0.1586,0,-0.1575,0.0486,0.9863,0,0.0262,0.9986,-0.045,0,-0.0916,1.0805,0.0845,1]},
{"frame":47,"values":[0.9995,-0.0113,0.031,0,-0.0307,0.0236,0.9992,0,0.012,0.9997,-0.0232,0,-0.069,1.0744,0.0719,1]},
{"frame":48,"values":[0.9925,-0.0033,-0.1226,0,0.1225,-0.0016,0.9925,0,0.0034,1,0.0012,0,-0.0424,1.0633,0.0584,1]},
{"frame":49,"values":[0.9599,-0.001,-0.2805,0,0.2804,-0.0116,0.9598,0,0.0042,0.9999,0.0108,0,-0.0135,1.0454,0.0436,1]},
{"frame":50,"values":[0.9124,-0.009,-0.4093,0,0.4092,-0.0063,0.9124,0,0.0108,0.9999,0.0021,0,0.016,1.0248,0.0275,1]},
{"frame":51,"values":[0.8722,-0.0304,-0.4883,0,0.4885,0.0019,0.8725,0,0.0256,0.9995,-0.0165,0,0.0446,1.0044,0.0116,1]},
{"frame":52,"values":[0.854,-0.0586,-0.517,0,0.5181,0.0058,0.8553,0,0.0471,0.9983,-0.0353,0,0.0701,0.9876,-0.0005,1]},
{"frame":53,"values":[0.8552,-0.0788,-0.5122,0,0.5151,0.0208,0.8569,0,0.0569,0.9967,-0.0584,0,0.089,0.981,-0.0056,1]},
{"frame":54,"values":[0.8621,-0.0906,-0.4986,0,0.5042,0.0544,0.8619,0,0.0509,0.9944,-0.0925,0,0.1021,0.984,-0.0046,1]},
{"frame":55,"values":[0.8721,-0.0993,-0.4792,0,0.4875,0.0926,0.8682,0,0.0418,0.9907,-0.1292,0,0.1109,0.9924,0.0004,1]},
{"frame":56,"values":[0.8841,-0.1059,-0.4552,0,0.4658,0.1191,0.8769,0,0.0387,0.9872,-0.1546,0,0.117,1.0017,0.0065,1]},
{"frame":57,"values":[0.8938,-0.1094,-0.4349,0,0.4467,0.1306,0.8851,0,0.04,0.9854,-0.1656,0,0.1213,1.0087,0.0124,1]},
{"frame":58,"values":[0.9002,-0.112,-0.4208,0,0.4334,0.1369,0.8907,0,0.0422,0.9842,-0.1718,0,0.1246,1.0132,0.0176,1]},
{"frame":59,"values":[0.9046,-0.1138,-0.4107,0,0.4239,0.1409,0.8947,0,0.0439,0.9835,-0.1757,0,0.1275,1.0155,0.0215,1]},
{"frame":60,"values":[0.9074,-0.1118,-0.4051,0,0.418,0.1426,0.8972,0,0.0426,0.9834,-0.1762,0,0.1307,1.0159,0.0244,1]},
{"frame":61,"values":[0.9079,-0.1044,-0.4061,0,0.4178,0.1436,0.8971,0,0.0353,0.9841,-0.174,0,0.1354,1.0144,0.0269,1]},
{"frame":62,"values":[0.9066,-0.095,-0.4113,0,0.4213,0.1453,0.8952,0,0.0253,0.9848,-0.1718,0,0.1421,1.0115,0.0292,1]},
{"frame":63,"values":[0.9039,-0.0855,-0.4191,0,0.4275,0.1469,0.892,0,0.0147,0.9855,-0.1693,0,0.1503,1.0075,0.0309,1]},
{"frame":64,"values":[0.8993,-0.0761,-0.4307,0,0.4373,0.1464,0.8873,0,0.0045,0.9863,-0.165,0,0.1598,1.0028,0.031,1]},
{"frame":65,"values":[0.8916,-0.0685,-0.4477,0,0.4529,0.1423,0.8801,0,-0.0034,0.9875,-0.1579,0,0.1701,0.9977,0.029,1]},
{"frame":66,"values":[0.8819,-0.0651,-0.4669,0,0.4713,0.1366,0.8713,0,-0.0071,0.9885,-0.1511,0,0.181,0.993,0.0257,1]},
{"frame":67,"values":[0.8718,-0.0662,-0.4853,0,0.4897,0.1312,0.8619,0,-0.0066,0.9891,-0.1468,0,0.1928,0.9903,0.0213,1]},
{"frame":68,"values":[0.8622,-0.0704,-0.5017,0,0.5066,0.1252,0.8531,0,-0.0027,0.9896,-0.1436,0,0.2048,0.9914,0.0158,1]},
{"frame":69,"values":[0.8603,-0.0775,-0.5039,0,0.5098,0.1163,0.8524,0,0.0074,0.9902,-0.1396,0,0.2155,0.9972,0.0105,1]},
{"frame":70,"values":[0.8589,-0.0852,-0.5049,0,0.5117,0.1063,0.8526,0,0.019,0.9907,-0.1349,0,0.2234,1.0051,0.0077,1]},
{"frame":71,"values":[0.8584,-0.0942,-0.5042,0,0.5119,0.0954,0.8537,0,0.0323,0.991,-0.1301,0,0.2282,1.0135,0.008,1]},
{"frame":72,"values":[0.8588,-0.1046,-0.5016,0,0.5102,0.0841,0.8559,0,0.0474,0.9909,-0.1256,0,0.2309,1.0206,0.0106,1]},
{"frame":73,"values":[0.8602,-0.1161,-0.4966,0,0.506,0.0726,0.8595,0,0.0637,0.9906,-0.1212,0,0.2324,1.0259,0.0142,1]},
{"frame":74,"values":[0.8626,-0.1276,-0.4896,0,0.4995,0.0613,0.8641,0,0.0802,0.9899,-0.1166,0,0.2333,1.0308,0.0178,1]},
{"frame":75,"values":[0.866,-0.1389,-0.4804,0,0.4907,0.0506,0.8699,0,0.0965,0.989,-0.112,0,0.2332,1.0352,0.0214,1]},
{"frame":76,"values":[0.8705,-0.1497,-0.4689,0,0.4792,0.0408,0.8767,0,0.1121,0.9879,-0.1072,0,0.2319,1.0392,0.0247,1]},
{"frame":77,"values":[0.8764,-0.1595,-0.4543,0,0.4646,0.0323,0.8849,0,0.1265,0.9867,-0.1024,0,0.2287,1.0427,0.0273,1]},
{"frame":78,"values":[0.8836,-0.1681,-0.437,0,0.4471,0.0254,0.8941,0,0.1392,0.9854,-0.0976,0,0.2243,1.0458,0.0296,1]},
{"frame":79,"values":[0.892,-0.1751,-0.4168,0,0.4265,0.0202,0.9043,0,0.1499,0.9843,-0.0927,0,0.2185,1.0484,0.0321,1]},
{"frame":80,"values":[0.9016,-0.1801,-0.3933,0,0.4026,0.0171,0.9152,0,0.1581,0.9835,-0.088,0,0.2105,1.0507,0.0341,1]},
{"frame":81,"values":[0.9126,-0.1829,-0.3656,0,0.3746,0.0164,0.927,0,0.1635,0.983,-0.0835,0,0.2,1.0524,0.0343,1]},
{"frame":82,"values":[0.9243,-0.1849,-0.334,0,0.3428,0.0171,0.9393,0,0.168,0.9826,-0.0792,0,0.1898,1.0536,0.0336,1]},
{"frame":83,"values":[0.9361,-0.1859,-0.2986,0,0.3073,0.0191,0.9514,0,0.1712,0.9824,-0.0751,0,0.1822,1.0543,0.0334,1]},
{"frame":84,"values":[0.9477,-0.1856,-0.2598,0,0.2684,0.0223,0.963,0,0.1729,0.9824,-0.071,0,0.1766,1.0545,0.034,1]},
{"frame":85,"values":[0.9589,-0.1827,-0.2173,0,0.2258,0.0267,0.9738,0,0.1721,0.9828,-0.0669,0,0.1711,1.0536,0.0339,1]},
{"frame":86,"values":[0.969,-0.1775,-0.1719,0,0.1802,0.032,0.9831,0,0.169,0.9836,-0.063,0,0.1649,1.0521,0.0326,1]},
{"frame":87,"values":[0.9776,-0.17,-0.1238,0,0.132,0.0378,0.9905,0,0.1637,0.9847,-0.0594,0,0.1586,1.0501,0.0306,1]},
{"frame":88,"values":[0.9844,-0.1597,-0.0733,0,0.0813,0.0441,0.9957,0,0.1558,0.9862,-0.0564,0,0.1521,1.0478,0.0279,1]},
{"frame":89,"values":[0.9889,-0.1471,-0.0199,0,0.0277,0.0506,0.9983,0,0.1458,0.9878,-0.0541,0,0.1454,1.045,0.0231,1]},
{"frame":90,"values":[0.9905,-0.1325,0.0358,0,-0.0285,0.0571,0.998,0,0.1343,0.9895,-0.0527,0,0.1376,1.0422,0.0169,1]},
{"frame":91,"values":[0.9888,-0.1159,0.0936,0,-0.0868,0.063,0.9942,0,0.1211,0.9913,-0.0522,0,0.1274,1.0395,0.0107,1]},
{"frame":92,"values":[0.9834,-0.0977,0.1531,0,-0.1469,0.068,0.9868,0,0.1068,0.9929,-0.0525,0,0.1146,1.0373,0.0058,1]},
{"frame":93,"values":[0.9738,-0.0758,0.2146,0,-0.2093,0.0716,0.9752,0,0.0893,0.9945,-0.0539,0,0.0997,1.0348,0.0035,1]},
{"frame":94,"values":[0.9583,-0.0454,0.2821,0,-0.2784,0.0737,0.9576,0,0.0643,0.9962,-0.058,0,0.0831,1.0321,0.0029,1]},
{"frame":95,"values":[0.935,-0.0063,0.3546,0,-0.3533,0.0733,0.9327,0,0.0319,0.9973,-0.0663,0,0.0647,1.0286,0.0037,1]},
{"frame":96,"values":[0.903,0.0367,0.4281,0,-0.4296,0.0694,0.9003,0,-0.0033,0.9969,-0.0785,0,0.0441,1.0247,0.0056,1]},
{"frame":97,"values":[0.8637,0.0786,0.4979,0,-0.5027,0.0622,0.8622,0,-0.0368,0.995,-0.0933,0,0.0219,1.0208,0.0082,1]}]}},
{"name":"mixamorig:Spine","index":1,"matrix":[0.999,0.0105,0.0434,0,-0.0437,0.0368,0.9984,0,0.0089,-0.9993,0.0372,0,0,0.0145,0.0842,1],"rest":[1,0,0,0,0,0.1698,0.9855,0,0,-0.9855,0.1698,0,0,0.0145,0.0842,1],"parentBoneIndex":0,"length":0.0996
,"animation":
{"name":"anim","property":"_matrix","dataType":3,"framePerSecond":24,"loopBehavior":1,"keys":[
{"frame":0,"values":[0.9992,0.0105,0.0386,0,-0.039,0.0373,0.9985,0,0.009,-0.9992,0.0377,0,0,0.0145,0.0842,1]},
{"frame":1,"values":[0.999,0.0105,0.0434,0,-0.0437,0.0368,0.9984,0,0.0089,-0.9993,0.0372,0,0,0.0145,0.0842,1]},
{"frame":2,"values":[0.9979,0.009,0.0635,0,-0.0638,0.0335,0.9974,0,0.0068,-0.9994,0.034,0,0,0.0145,0.0842,1]},
{"frame":3,"values":[0.9973,0.0039,0.0731,0,-0.0732,0.0309,0.9968,0,0.0016,-0.9995,0.0311,0,0,0.0145,0.0842,1]},
{"frame":4,"values":[0.9973,-0.0031,0.0739,0,-0.0738,0.0314,0.9968,0,-0.0054,-0.9995,0.0311,0,0,0.0145,0.0842,1]},
{"frame":5,"values":[0.9975,-0.0089,0.0708,0,-0.0705,0.0333,0.997,0,-0.0112,-0.9994,0.0325,0,0,0.0145,0.0842,1]},
{"frame":6,"values":[0.9975,-0.0122,0.0689,0,-0.0685,0.0326,0.9971,0,-0.0145,-0.9994,0.0317,0,0,0.0145,0.0842,1]},
{"frame":7,"values":[0.9975,-0.0137,0.0694,0,-0.0689,0.0302,0.9972,0,-0.0158,-0.9994,0.0292,0,0,0.0145,0.0842,1]},
{"frame":8,"values":[0.9974,-0.0136,0.0709,0,-0.0705,0.0276,0.9971,0,-0.0155,-0.9995,0.0265,0,0,0.0145,0.0842,1]},
{"frame":9,"values":[0.9973,-0.0115,0.0719,0,-0.0716,0.025,0.9971,0,-0.0132,-0.9996,0.0241,0,0,0.0145,0.0842,1]},
{"frame":10,"values":[0.9973,-0.0081,0.0729,0,-0.0726,0.023,0.9971,0,-0.0098,-0.9997,0.0223,0,0,0.0145,0.0842,1]},
{"frame":11,"values":[0.9972,-0.0046,0.074,0,-0.0739,0.0223,0.997,0,-0.0063,-0.9997,0.0219,0,0,0.0145,0.0842,1]},
{"frame":12,"values":[0.9972,-0.0015,0.0743,0,-0.0743,0.0225,0.997,0,-0.0032,-0.9997,0.0223,0,0,0.0145,0.0842,1]},
{"frame":13,"values":[0.9973,0.0012,0.0738,0,-0.0738,0.0219,0.997,0,-0.0004,-0.9998,0.0219,0,0,0.0145,0.0842,1]},
{"frame":14,"values":[0.9973,0.0036,0.0736,0,-0.0737,0.0209,0.9971,0,0.002,-0.9998,0.0211,0,0,0.0145,0.0842,1]},
{"frame":15,"values":[0.9972,0.0055,0.0746,0,-0.0748,0.0214,0.997,0,0.0039,-0.9998,0.0218,0,0,0.0145,0.0842,1]},
{"frame":16,"values":[0.997,0.0069,0.0773,0,-0.0775,0.0241,0.9967,0,0.005,-0.9997,0.0245,0,0,0.0145,0.0842,1]},
{"frame":17,"values":[0.9964,0.0075,0.084,0,-0.0842,0.0269,0.9961,0,0.0052,-0.9996,0.0274,0,0,0.0145,0.0842,1]},
{"frame":18,"values":[0.9955,0.0075,0.0949,0,-0.0951,0.0288,0.9951,0,0.0048,-0.9996,0.0294,0,0,0.0145,0.0842,1]},
{"frame":19,"values":[0.9944,0.0072,0.1058,0,-0.106,0.0311,0.9939,0,0.0039,-0.9995,0.0317,0,0,0.0145,0.0842,1]},
{"frame":20,"values":[0.9937,0.0067,0.1114,0,-0.1116,0.0352,0.9931,0,0.0028,-0.9994,0.0357,0,0,0.0145,0.0842,1]},
{"frame":21,"values":[0.9939,0.0057,0.1104,0,-0.1106,0.0404,0.993,0,0.0012,-0.9992,0.0408,0,0,0.0145,0.0842,1]},
{"frame":22,"values":[0.9942,0.0036,0.1074,0,-0.1074,0.0456,0.9932,0,-0.0013,-0.999,0.0458,0,0,0.0145,0.0842,1]},
{"frame":23,"values":[0.9945,-0.0004,0.1051,0,-0.1049,0.0512,0.9932,0,-0.0058,-0.9987,0.0508,0,0,0.0145,0.0842,1]},
{"frame":24,"values":[0.9946,-0.0064,0.1041,0,-0.1035,0.0564,0.993,0,-0.0122,-0.9984,0.0555,0,0,0.0145,0.0842,1]},
{"frame":25,"values":[0.9946,-0.0123,0.1027,0,-0.1018,0.0596,0.993,0,-0.0184,-0.9981,0.058,0,0,0.0145,0.0842,1]},
{"frame":26,"values":[0.9949,-0.0157,0.0994,0,-0.0982,0.061,0.9933,0,-0.0217,-0.998,0.0592,0,0,0.0145,0.0842,1]},
{"frame":27,"values":[0.9954,-0.0165,0.0948,0,-0.0937,0.062,0.9937,0,-0.0222,-0.9979,0.0601,0,0,0.0145,0.0842,1]},
{"frame":28,"values":[0.9957,-0.0162,0.0917,0,-0.0905,0.0633,0.9939,0,-0.0219,-0.9979,0.0615,0,0,0.0145,0.0842,1]},
{"frame":29,"values":[0.9956,-0.0164,0.0922,0,-0.0909,0.0651,0.9937,0,-0.0223,-0.9977,0.0633,0,0,0.0145,0.0842,1]},
{"frame":30,"values":[0.9955,-0.0174,0.0932,0,-0.0918,0.0676,0.9935,0,-0.0236,-0.9976,0.0656,0,0,0.0145,0.0842,1]},
{"frame":31,"values":[0.9956,-0.0202,0.0919,0,-0.0903,0.0709,0.9934,0,-0.0266,-0.9973,0.0687,0,0,0.0145,0.0842,1]},
{"frame":32,"values":[0.9957,-0.0253,0.0893,0,-0.0872,0.0748,0.9934,0,-0.0318,-0.9969,0.0722,0,0,0.0145,0.0842,1]},
{"frame":33,"values":[0.9956,-0.0311,0.0882,0,-0.0856,0.0792,0.9932,0,-0.0379,-0.9964,0.0762,0,0,0.0145,0.0842,1]},
{"frame":34,"values":[0.9955,-0.0348,0.0886,0,-0.0854,0.0839,0.9928,0,-0.042,-0.9959,0.0806,0,0,0.0145,0.0842,1]},
{"frame":35,"values":[0.9953,-0.0362,0.0895,0,-0.086,0.0882,0.9924,0,-0.0438,-0.9954,0.0847,0,0,0.0145,0.0842,1]},
{"frame":36,"values":[0.9951,-0.0366,0.0916,0,-0.0879,0.0914,0.9919,0,-0.0447,-0.9951,0.0878,0,0,0.0145,0.0842,1]},
{"frame":37,"values":[0.9948,-0.0374,0.0943,0,-0.0904,0.0938,0.9915,0,-0.0459,-0.9949,0.09,0,0,0.0145,0.0842,1]},
{"frame":38,"values":[0.995,-0.0387,0.0923,0,-0.0883,0.0956,0.9915,0,-0.0472,-0.9947,0.0917,0,0,0.0145,0.0842,1]},
{"frame":39,"values":[0.9957,-0.0401,0.084,0,-0.0798,0.0964,0.9921,0,-0.0479,-0.9945,0.0928,0,0,0.0145,0.0842,1]},
{"frame":40,"values":[0.9963,-0.0416,0.0748,0,-0.0705,0.0967,0.9928,0,-0.0486,-0.9944,0.0934,0,0,0.0145,0.0842,1]},
{"frame":41,"values":[0.9967,-0.0423,0.0695,0,-0.0651,0.0971,0.9931,0,-0.0487,-0.9944,0.094,0,0,0.0145,0.0842,1]},
{"frame":42,"values":[0.9971,-0.0417,0.0633,0,-0.059,0.0972,0.9935,0,-0.0475,-0.9944,0.0944,0,0,0.0145,0.0842,1]},
{"frame":43,"values":[0.9977,-0.0397,0.0548,0,-0.0507,0.0963,0.9941,0,-0.0447,-0.9946,0.094,0,0,0.0145,0.0842,1]},
{"frame":44,"values":[0.9983,-0.0359,0.047,0,-0.0434,0.0946,0.9946,0,-0.0402,-0.9949,0.0929,0,0,0.0145,0.0842,1]},
{"frame":45,"values":[0.9988,-0.0291,0.0393,0,-0.0365,0.0911,0.9952,0,-0.0325,-0.9954,0.0899,0,0,0.0145,0.0842,1]},
{"frame":46,"values":[0.9995,-0.0188,0.0269,0,-0.0252,0.0833,0.9962,0,-0.021,-0.9963,0.0828,0,0,0.0145,0.0842,1]},
{"frame":47,"values":[1,-0.0047,0.0076,0,-0.0072,0.0701,0.9975,0,-0.0052,-0.9975,0.07,0,0,0.0145,0.0842,1]},
{"frame":48,"values":[0.9998,0.0124,-0.0177,0,0.017,0.0539,0.9984,0,0.0134,-0.9985,0.0537,0,0,0.0145,0.0842,1]},
{"frame":49,"values":[0.9986,0.0267,-0.0461,0,0.045,0.0406,0.9982,0,0.0286,-0.9988,0.0393,0,0,0.0145,0.0842,1]},
{"frame":50,"values":[0.9971,0.0323,-0.0688,0,0.0678,0.0312,0.9972,0,0.0344,-0.999,0.0289,0,0,0.0145,0.0842,1]},
{"frame":51,"values":[0.9966,0.0303,-0.0769,0,0.0762,0.0229,0.9968,0,0.0319,-0.9993,0.0205,0,0,0.0145,0.0842,1]},
{"frame":52,"values":[0.997,0.0267,-0.0724,0,0.072,0.014,0.9973,0,0.0276,-0.9995,0.012,0,0,0.0145,0.0842,1]},
{"frame":53,"values":[0.997,0.0261,-0.0729,0,0.0727,0.0081,0.9973,0,0.0266,-0.9996,0.0062,0,0,0.0145,0.0842,1]},
{"frame":54,"values":[0.9963,0.0272,-0.0818,0,0.0816,0.0081,0.9966,0,0.0278,-0.9996,0.0059,0,0,0.0145,0.0842,1]},
{"frame":55,"values":[0.9956,0.029,-0.089,0,0.0887,0.0109,0.996,0,0.0299,-0.9995,0.0083,0,0,0.0145,0.0842,1]},
{"frame":56,"values":[0.9955,0.032,-0.0896,0,0.0893,0.012,0.9959,0,0.0329,-0.9994,0.0091,0,0,0.0145,0.0842,1]},
{"frame":57,"values":[0.9954,0.0364,-0.0882,0,0.0878,0.0116,0.9961,0,0.0373,-0.9993,0.0084,0,0,0.0145,0.0842,1]},
{"frame":58,"values":[0.9953,0.0406,-0.0883,0,0.0879,0.0122,0.9961,0,0.0415,-0.9991,0.0086,0,0,0.0145,0.0842,1]},
{"frame":59,"values":[0.9951,0.0442,-0.0889,0,0.0884,0.0137,0.996,0,0.0453,-0.9989,0.0097,0,0,0.0145,0.0842,1]},
{"frame":60,"values":[0.9949,0.0476,-0.0891,0,0.0884,0.0155,0.996,0,0.0488,-0.9987,0.0112,0,0,0.0145,0.0842,1]},
{"frame":61,"values":[0.9947,0.05,-0.09,0,0.0892,0.018,0.9958,0,0.0514,-0.9986,0.0135,0,0,0.0145,0.0842,1]},
{"frame":62,"values":[0.9944,0.0509,-0.0926,0,0.0916,0.0214,0.9956,0,0.0527,-0.9985,0.0166,0,0,0.0145,0.0842,1]},
{"frame":63,"values":[0.994,0.051,-0.0965,0,0.0953,0.0249,0.9951,0,0.0532,-0.9984,0.0199,0,0,0.0145,0.0842,1]},
{"frame":64,"values":[0.9935,0.0515,-0.1017,0,0.1003,0.0279,0.9946,0,0.054,-0.9983,0.0226,0,0,0.0145,0.0842,1]},
{"frame":65,"values":[0.9928,0.0535,-0.1076,0,0.1061,0.0304,0.9939,0,0.0564,-0.9981,0.0245,0,0,0.0145,0.0842,1]},
{"frame":66,"values":[0.9922,0.0563,-0.1115,0,0.1097,0.0326,0.9934,0,0.0596,-0.9979,0.0262,0,0,0.0145,0.0842,1]},
{"frame":67,"values":[0.9922,0.0588,-0.1102,0,0.1083,0.0345,0.9935,0,0.0623,-0.9977,0.0278,0,0,0.0145,0.0842,1]},
{"frame":68,"values":[0.9929,0.0606,-0.1029,0,0.1008,0.0355,0.9943,0,0.0639,-0.9975,0.0292,0,0,0.0145,0.0842,1]},
{"frame":69,"values":[0.9939,0.061,-0.0921,0,0.0901,0.0349,0.9953,0,0.064,-0.9975,0.0292,0,0,0.0145,0.0842,1]},
{"frame":70,"values":[0.9947,0.0603,-0.0831,0,0.0812,0.0331,0.9961,0,0.0628,-0.9976,0.028,0,0,0.0145,0.0842,1]},
{"frame":71,"values":[0.9952,0.0593,-0.0773,0,0.0756,0.0311,0.9967,0,0.0615,-0.9978,0.0265,0,0,0.0145,0.0842,1]},
{"frame":72,"values":[0.9955,0.0591,-0.0742,0,0.0726,0.0295,0.9969,0,0.0611,-0.9978,0.0251,0,0,0.0145,0.0842,1]},
{"frame":73,"values":[0.9956,0.0594,-0.0719,0,0.0703,0.0286,0.9971,0,0.0613,-0.9978,0.0243,0,0,0.0145,0.0842,1]},
{"frame":74,"values":[0.9958,0.0595,-0.0694,0,0.0678,0.0282,0.9973,0,0.0613,-0.9978,0.0241,0,0,0.0145,0.0842,1]},
{"frame":75,"values":[0.9959,0.0597,-0.0675,0,0.0658,0.029,0.9974,0,0.0615,-0.9978,0.025,0,0,0.0145,0.0842,1]},
{"frame":76,"values":[0.9959,0.0604,-0.0669,0,0.0651,0.0315,0.9974,0,0.0624,-0.9977,0.0274,0,0,0.0145,0.0842,1]},
{"frame":77,"values":[0.9959,0.0605,-0.0671,0,0.065,0.0355,0.9973,0,0.0627,-0.9975,0.0314,0,0,0.0145,0.0842,1]},
{"frame":78,"values":[0.996,0.0595,-0.0673,0,0.065,0.04,0.9971,0,0.062,-0.9974,0.036,0,0,0.0145,0.0842,1]},
{"frame":79,"values":[0.996,0.0584,-0.0669,0,0.0644,0.0442,0.9969,0,0.0612,-0.9973,0.0403,0,0,0.0145,0.0842,1]},
{"frame":80,"values":[0.9962,0.0577,-0.0647,0,0.062,0.0473,0.997,0,0.0606,-0.9972,0.0436,0,0,0.0145,0.0842,1]},
{"frame":81,"values":[0.9966,0.0567,-0.0605,0,0.0578,0.0493,0.9971,0,0.0595,-0.9972,0.0458,0,0,0.0145,0.0842,1]},
{"frame":82,"values":[0.9969,0.0554,-0.0556,0,0.0528,0.0513,0.9973,0,0.0581,-0.9971,0.0483,0,0,0.0145,0.0842,1]},
{"frame":83,"values":[0.9973,0.0542,-0.0505,0,0.0475,0.0537,0.9974,0,0.0568,-0.9971,0.051,0,0,0.0145,0.0842,1]},
{"frame":84,"values":[0.9976,0.053,-0.0451,0,0.0422,0.0552,0.9976,0,0.0554,-0.9971,0.0528,0,0,0.0145,0.0842,1]},
{"frame":85,"values":[0.9979,0.0513,-0.0403,0,0.0375,0.0553,0.9978,0,0.0534,-0.9972,0.0532,0,0,0.0145,0.0842,1]},
{"frame":86,"values":[0.9981,0.0493,-0.0359,0,0.0332,0.0547,0.998,0,0.0511,-0.9973,0.053,0,0,0.0145,0.0842,1]},
{"frame":87,"values":[0.9984,0.0473,-0.0317,0,0.0292,0.0538,0.9981,0,0.0489,-0.9974,0.0523,0,0,0.0145,0.0842,1]},
{"frame":88,"values":[0.9986,0.0453,-0.0281,0,0.0257,0.0524,0.9983,0,0.0467,-0.9976,0.0511,0,0,0.0145,0.0842,1]},
{"frame":89,"values":[0.9988,0.0428,-0.024,0,0.0219,0.0506,0.9985,0,0.044,-0.9978,0.0496,0,0,0.0145,0.0842,1]},
{"frame":90,"values":[0.999,0.0398,-0.0188,0,0.0168,0.0487,0.9987,0,0.0406,-0.998,0.0479,0,0,0.0145,0.0842,1]},
{"frame":91,"values":[0.9993,0.0362,-0.0122,0,0.0105,0.0467,0.9989,0,0.0367,-0.9983,0.0463,0,0,0.0145,0.0842,1]},
{"frame":92,"values":[0.9995,0.0323,-0.004,0,0.0025,0.0449,0.999,0,0.0324,-0.9985,0.0448,0,0,0.0145,0.0842,1]},
{"frame":93,"values":[0.9996,0.0283,0.005,0,-0.0062,0.0432,0.999,0,0.028,-0.9987,0.0434,0,0,0.0145,0.0842,1]},
{"frame":94,"values":[0.9996,0.0242,0.0133,0,-0.0143,0.0416,0.999,0,0.0236,-0.9988,0.042,0,0,0.0145,0.0842,1]},
{"frame":95,"values":[0.9996,0.0203,0.0204,0,-0.0212,0.0402,0.999,0,0.0194,-0.999,0.0406,0,0,0.0145,0.0842,1]},
{"frame":96,"values":[0.9995,0.0164,0.0273,0,-0.0279,0.0389,0.9989,0,0.0153,-0.9991,0.0393,0,0,0.0145,0.0842,1]},
{"frame":97,"values":[0.9993,0.0126,0.0344,0,-0.0348,0.0378,0.9987,0,0.0113,-0.9992,0.0383,0,0,0.0145,0.0842,1]}]}},
{"name":"mixamorig:Spine1","index":2,"matrix":[0.9975,0.0324,-0.0627,0,-0.0153,0.9666,0.2558,0,0.0689,-0.2542,0.9647,0,0,0.0996,0,1],"rest":[1,0,0,0,0,1,0,0,0,0,1,0,0,0.0996,0,1],"parentBoneIndex":1,"length":0.1139
,"animation":
{"name":"anim","property":"_matrix","dataType":3,"framePerSecond":24,"loopBehavior":1,"keys":[
{"frame":0,"values":[0.9976,0.0241,-0.0643,0,-0.0071,0.9675,0.2529,0,0.0683,-0.2518,0.9654,0,0,0.0996,0,1]},
{"frame":1,"values":[0.9975,0.0324,-0.0627,0,-0.0153,0.9666,0.2558,0,0.0689,-0.2542,0.9647,0,0,0.0996,0,1]},
{"frame":2,"values":[0.9963,0.0671,-0.0532,0,-0.0503,0.9616,0.2698,0,0.0693,-0.2661,0.9615,0,0,0.0996,0,1]},
{"frame":3,"values":[0.9958,0.0819,-0.0403,0,-0.0675,0.958,0.2787,0,0.0614,-0.2748,0.9595,0,0,0.0996,0,1]},
{"frame":4,"values":[0.9964,0.0815,-0.0249,0,-0.0714,0.9579,0.278,0,0.0465,-0.2752,0.9603,0,0,0.0996,0,1]},
{"frame":5,"values":[0.997,0.0768,-0.013,0,-0.0704,0.9592,0.2737,0,0.0335,-0.272,0.9617,0,0,0.0996,0,1]},
{"frame":6,"values":[0.9972,0.0741,-0.009,0,-0.0687,0.9589,0.2752,0,0.029,-0.2738,0.9613,0,0,0.0996,0,1]},
{"frame":7,"values":[0.9973,0.0722,-0.0107,0,-0.0663,0.9573,0.2813,0,0.0305,-0.2798,0.9596,0,0,0.0996,0,1]},
{"frame":8,"values":[0.9975,0.0695,-0.0147,0,-0.0623,0.9558,0.2875,0,0.0341,-0.2858,0.9577,0,0,0.0996,0,1]},
{"frame":9,"values":[0.9977,0.0651,-0.0211,0,-0.0561,0.9548,0.292,0,0.0392,-0.2901,0.9562,0,0,0.0996,0,1]},
{"frame":10,"values":[0.9977,0.0604,-0.0294,0,-0.0491,0.9544,0.2944,0,0.0458,-0.2922,0.9552,0,0,0.0996,0,1]},
{"frame":11,"values":[0.9977,0.0559,-0.0375,0,-0.0425,0.955,0.2937,0,0.0522,-0.2914,0.9552,0,0,0.0996,0,1]},
{"frame":12,"values":[0.9977,0.0513,-0.0441,0,-0.0363,0.956,0.2912,0,0.0571,-0.2889,0.9556,0,0,0.0996,0,1]},
{"frame":13,"values":[0.9977,0.046,-0.0505,0,-0.0294,0.9565,0.2903,0,0.0616,-0.2881,0.9556,0,0,0.0996,0,1]},
{"frame":14,"values":[0.9976,0.0407,-0.0567,0,-0.0225,0.9567,0.2902,0,0.0661,-0.2882,0.9553,0,0,0.0996,0,1]},
{"frame":15,"values":[0.9975,0.0369,-0.0608,0,-0.0179,0.9575,0.2878,0,0.0688,-0.286,0.9558,0,0,0.0996,0,1]},
{"frame":16,"values":[0.9974,0.0373,-0.0612,0,-0.0185,0.9591,0.2825,0,0.0692,-0.2807,0.9573,0,0,0.0996,0,1]},
{"frame":17,"values":[0.9972,0.0445,-0.0594,0,-0.0262,0.96,0.2788,0,0.0695,-0.2764,0.9585,0,0,0.0996,0,1]},
{"frame":18,"values":[0.9968,0.0557,-0.0581,0,-0.0374,0.9598,0.2783,0,0.0713,-0.2752,0.9587,0,0,0.0996,0,1]},
{"frame":19,"values":[0.9962,0.0671,-0.0563,0,-0.049,0.9595,0.2773,0,0.0726,-0.2735,0.9591,0,0,0.0996,0,1]},
{"frame":20,"values":[0.9958,0.0759,-0.0521,0,-0.059,0.9605,0.2721,0,0.0707,-0.2679,0.9609,0,0,0.0996,0,1]},
{"frame":21,"values":[0.9956,0.082,-0.0453,0,-0.0672,0.9623,0.2636,0,0.0652,-0.2594,0.9636,0,0,0.0996,0,1]},
{"frame":22,"values":[0.9954,0.088,-0.0367,0,-0.0758,0.964,0.2549,0,0.0578,-0.251,0.9663,0,0,0.0996,0,1]},
{"frame":23,"values":[0.9952,0.0952,-0.0246,0,-0.0863,0.9654,0.2461,0,0.0472,-0.2428,0.9689,0,0,0.0996,0,1]},
{"frame":24,"values":[0.9947,0.1028,-0.0084,0,-0.0979,0.9663,0.238,0,0.0326,-0.2359,0.9712,0,0,0.0996,0,1]},
{"frame":25,"values":[0.9941,0.1085,0.0064,0,-0.107,0.9666,0.2331,0,0.0191,-0.2324,0.9724,0,0,0.0996,0,1]},
{"frame":26,"values":[0.9936,0.1117,0.0147,0,-0.1121,0.9666,0.2306,0,0.0115,-0.2308,0.9729,0,0,0.0996,0,1]},
{"frame":27,"values":[0.9934,0.1134,0.0175,0,-0.1144,0.9668,0.2283,0,0.009,-0.2288,0.9734,0,0,0.0996,0,1]},
{"frame":28,"values":[0.9932,0.1153,0.0186,0,-0.1165,0.9673,0.2254,0,0.008,-0.2261,0.9741,0,0,0.0996,0,1]},
{"frame":29,"values":[0.9928,0.1181,0.0201,0,-0.1196,0.9676,0.2223,0,0.0068,-0.2231,0.9748,0,0,0.0996,0,1]},
{"frame":30,"values":[0.9924,0.1207,0.0231,0,-0.1228,0.9682,0.2179,0,0.0039,-0.219,0.9757,0,0,0.0996,0,1]},
{"frame":31,"values":[0.9922,0.1211,0.0307,0,-0.1249,0.9695,0.2111,0,-0.0042,-0.2133,0.977,0,0,0.0996,0,1]},
{"frame":32,"values":[0.9919,0.1191,0.044,0,-0.1256,0.9713,0.2022,0,-0.0187,-0.206,0.9784,0,0,0.0996,0,1]},
{"frame":33,"values":[0.9915,0.1165,0.0585,0,-0.1257,0.9734,0.1918,0,-0.0346,-0.1975,0.9797,0,0,0.0996,0,1]},
{"frame":34,"values":[0.991,0.1157,0.068,0,-0.1263,0.9753,0.1812,0,-0.0454,-0.1881,0.9811,0,0,0.0996,0,1]},
{"frame":35,"values":[0.9906,0.1164,0.0722,0,-0.1273,0.9768,0.1719,0,-0.0505,-0.1795,0.9825,0,0,0.0996,0,1]},
{"frame":36,"values":[0.9903,0.1175,0.0738,0,-0.1283,0.9779,0.1651,0,-0.0528,-0.173,0.9835,0,0,0.0996,0,1]},
{"frame":37,"values":[0.9902,0.1174,0.0761,0,-0.1284,0.9787,0.1599,0,-0.0557,-0.1681,0.9842,0,0,0.0996,0,1]},
{"frame":38,"values":[0.9902,0.1147,0.0799,0,-0.126,0.9798,0.1554,0,-0.0605,-0.164,0.9846,0,0,0.0996,0,1]},
{"frame":39,"values":[0.9905,0.1083,0.0845,0,-0.1203,0.981,0.1522,0,-0.0664,-0.1609,0.9847,0,0,0.0996,0,1]},
{"frame":40,"values":[0.9911,0.0999,0.0882,0,-0.1124,0.9823,0.15,0,-0.0717,-0.1586,0.9847,0,0,0.0996,0,1]},
{"frame":41,"values":[0.9919,0.0916,0.0885,0,-0.1041,0.9835,0.1481,0,-0.0735,-0.1561,0.985,0,0,0.0996,0,1]},
{"frame":42,"values":[0.9929,0.0831,0.085,0,-0.0951,0.9845,0.1473,0,-0.0715,-0.1543,0.9854,0,0,0.0996,0,1]},
{"frame":43,"values":[0.9942,0.0739,0.0784,0,-0.0849,0.9853,0.1483,0,-0.0663,-0.1541,0.9858,0,0,0.0996,0,1]},
{"frame":44,"values":[0.9955,0.0644,0.0688,0,-0.0742,0.9857,0.1511,0,-0.0581,-0.1556,0.9861,0,0,0.0996,0,1]},
{"frame":45,"values":[0.9972,0.0539,0.0527,0,-0.0616,0.9855,0.1579,0,-0.0435,-0.1607,0.986,0,0,0.0996,0,1]},
{"frame":46,"values":[0.9988,0.0412,0.0279,0,-0.0454,0.9841,0.1719,0,-0.0204,-0.173,0.9847,0,0,0.0996,0,1]},
{"frame":47,"values":[0.9996,0.0264,-0.003,0,-0.0253,0.9806,0.1944,0,0.008,-0.1943,0.9809,0,0,0.0996,0,1]},
{"frame":48,"values":[0.9994,0.0095,-0.0325,0,-0.0021,0.9751,0.2216,0,0.0338,-0.2214,0.9746,0,0,0.0996,0,1]},
{"frame":49,"values":[0.9985,-0.0113,-0.0537,0,0.0242,0.9691,0.2456,0,0.0493,-0.2466,0.9679,0,0,0.0996,0,1]},
{"frame":50,"values":[0.9974,-0.033,-0.0646,0,0.0489,0.9635,0.2633,0,0.0535,-0.2658,0.9625,0,0,0.0996,0,1]},
{"frame":51,"values":[0.9967,-0.0493,-0.064,0,0.0653,0.9582,0.2787,0,0.0476,-0.2819,0.9583,0,0,0.0996,0,1]},
{"frame":52,"values":[0.9967,-0.0585,-0.0568,0,0.0727,0.9527,0.2952,0,0.0368,-0.2984,0.9537,0,0,0.0996,0,1]},
{"frame":53,"values":[0.9963,-0.0674,-0.053,0,0.0805,0.9483,0.3069,0,0.0296,-0.3101,0.9502,0,0,0.0996,0,1]},
{"frame":54,"values":[0.9954,-0.0784,-0.0558,0,0.0919,0.9469,0.3081,0,0.0287,-0.3118,0.9497,0,0,0.0996,0,1]},
{"frame":55,"values":[0.9943,-0.0864,-0.063,0,0.1016,0.9474,0.3035,0,0.0334,-0.3082,0.9507,0,0,0.0996,0,1]},
{"frame":56,"values":[0.9934,-0.0881,-0.0729,0,0.1062,0.9476,0.3012,0,0.0426,-0.307,0.9508,0,0,0.0996,0,1]},
{"frame":57,"values":[0.9927,-0.0867,-0.0838,0,0.1082,0.9473,0.3017,0,0.0532,-0.3085,0.9497,0,0,0.0996,0,1]},
{"frame":58,"values":[0.9919,-0.0866,-0.0934,0,0.111,0.9473,0.3004,0,0.0624,-0.3083,0.9492,0,0,0.0996,0,1]},
{"frame":59,"values":[0.9909,-0.0874,-0.102,0,0.1142,0.948,0.2972,0,0.0707,-0.3061,0.9494,0,0,0.0996,0,1]},
{"frame":60,"values":[0.99,-0.0878,-0.1103,0,0.1168,0.9489,0.2931,0,0.0789,-0.303,0.9497,0,0,0.0996,0,1]},
{"frame":61,"values":[0.9892,-0.0887,-0.1167,0,0.1191,0.9503,0.2877,0,0.0854,-0.2985,0.9506,0,0,0.0996,0,1]},
{"frame":62,"values":[0.9886,-0.0911,-0.12,0,0.1218,0.9519,0.281,0,0.0887,-0.2924,0.9522,0,0,0.0996,0,1]},
{"frame":63,"values":[0.988,-0.0953,-0.1218,0,0.1257,0.9535,0.274,0,0.0901,-0.286,0.954,0,0,0.0996,0,1]},
{"frame":64,"values":[0.9871,-0.1002,-0.1246,0,0.1307,0.9546,0.2676,0,0.0921,-0.2804,0.9554,0,0,0.0996,0,1]},
{"frame":65,"values":[0.9861,-0.1042,-0.1295,0,0.1354,0.9554,0.2623,0,0.0964,-0.2762,0.9562,0,0,0.0996,0,1]},
{"frame":66,"values":[0.9851,-0.1062,-0.1351,0,0.1385,0.9562,0.2578,0,0.1018,-0.2727,0.9567,0,0,0.0996,0,1]},
{"frame":67,"values":[0.9843,-0.1064,-0.1411,0,0.1398,0.9571,0.254,0,0.108,-0.2697,0.9569,0,0,0.0996,0,1]},
{"frame":68,"values":[0.9834,-0.1051,-0.1476,0,0.14,0.9578,0.2512,0,0.115,-0.2677,0.9566,0,0,0.0996,0,1]},
{"frame":69,"values":[0.9829,-0.1028,-0.1531,0,0.1392,0.9579,0.251,0,0.1208,-0.268,0.9558,0,0,0.0996,0,1]},
{"frame":70,"values":[0.9827,-0.1004,-0.1557,0,0.1379,0.9576,0.2528,0,0.1238,-0.2699,0.9549,0,0,0.0996,0,1]},
{"frame":71,"values":[0.9827,-0.0984,-0.1567,0,0.1365,0.9572,0.2551,0,0.1249,-0.2721,0.9541,0,0,0.0996,0,1]},
{"frame":72,"values":[0.9826,-0.097,-0.1583,0,0.1358,0.9568,0.2569,0,0.1265,-0.2739,0.9534,0,0,0.0996,0,1]},
{"frame":73,"values":[0.9823,-0.097,-0.1606,0,0.1366,0.9565,0.2578,0,0.1286,-0.2752,0.9528,0,0,0.0996,0,1]},
{"frame":74,"values":[0.9817,-0.0986,-0.1629,0,0.1387,0.9562,0.2576,0,0.1304,-0.2755,0.9524,0,0,0.0996,0,1]},
{"frame":75,"values":[0.9809,-0.1015,-0.1661,0,0.1422,0.9564,0.2553,0,0.133,-0.274,0.9525,0,0,0.0996,0,1]},
{"frame":76,"values":[0.9798,-0.1051,-0.1702,0,0.1461,0.9572,0.2499,0,0.1367,-0.2697,0.9532,0,0,0.0996,0,1]},
{"frame":77,"values":[0.979,-0.1092,-0.1722,0,0.1495,0.9587,0.2419,0,0.1387,-0.2625,0.9549,0,0,0.0996,0,1]},
{"frame":78,"values":[0.9787,-0.1131,-0.1715,0,0.1519,0.9605,0.2333,0,0.1384,-0.2544,0.9572,0,0,0.0996,0,1]},
{"frame":79,"values":[0.9786,-0.1157,-0.17,0,0.1529,0.9621,0.2257,0,0.1375,-0.2468,0.9593,0,0,0.0996,0,1]},
{"frame":80,"values":[0.9789,-0.1156,-0.1686,0,0.1517,0.9636,0.2203,0,0.1369,-0.2412,0.9608,0,0,0.0996,0,1]},
{"frame":81,"values":[0.9796,-0.1134,-0.1657,0,0.1484,0.9648,0.2171,0,0.1353,-0.2373,0.962,0,0,0.0996,0,1]},
{"frame":82,"values":[0.9806,-0.1108,-0.1618,0,0.1444,0.9662,0.2135,0,0.1327,-0.2328,0.9634,0,0,0.0996,0,1]},
{"frame":83,"values":[0.9815,-0.1073,-0.1583,0,0.1395,0.9678,0.2095,0,0.1307,-0.2277,0.9649,0,0,0.0996,0,1]},
{"frame":84,"values":[0.9826,-0.1026,-0.155,0,0.1339,0.9691,0.2071,0,0.129,-0.2243,0.966,0,0,0.0996,0,1]},
{"frame":85,"values":[0.9837,-0.097,-0.1511,0,0.1275,0.9699,0.2075,0,0.1264,-0.2234,0.9665,0,0,0.0996,0,1]},
{"frame":86,"values":[0.985,-0.0908,-0.1465,0,0.1205,0.9704,0.2091,0,0.1232,-0.2237,0.9668,0,0,0.0996,0,1]},
{"frame":87,"values":[0.9864,-0.084,-0.1415,0,0.113,0.9708,0.2114,0,0.1196,-0.2245,0.9671,0,0,0.0996,0,1]},
{"frame":88,"values":[0.9877,-0.0766,-0.1361,0,0.1049,0.9711,0.2144,0,0.1158,-0.2261,0.9672,0,0,0.0996,0,1]},
{"frame":89,"values":[0.9891,-0.0686,-0.1302,0,0.0961,0.9711,0.2183,0,0.1115,-0.2284,0.9672,0,0,0.0996,0,1]},
{"frame":90,"values":[0.9905,-0.0596,-0.1237,0,0.0862,0.9711,0.2225,0,0.1069,-0.2311,0.967,0,0,0.0996,0,1]},
{"frame":91,"values":[0.9919,-0.0496,-0.1167,0,0.0753,0.971,0.2271,0,0.102,-0.234,0.9669,0,0,0.0996,0,1]},
{"frame":92,"values":[0.9933,-0.0389,-0.1092,0,0.0635,0.9707,0.2317,0,0.097,-0.237,0.9667,0,0,0.0996,0,1]},
{"frame":93,"values":[0.9945,-0.0277,-0.1013,0,0.0511,0.9704,0.2362,0,0.0917,-0.24,0.9664,0,0,0.0996,0,1]},
{"frame":94,"values":[0.9955,-0.0163,-0.0932,0,0.0384,0.9699,0.2405,0,0.0865,-0.243,0.9662,0,0,0.0996,0,1]},
{"frame":95,"values":[0.9964,-0.0048,-0.085,0,0.0255,0.9693,0.2445,0,0.0813,-0.2458,0.9659,0,0,0.0996,0,1]},
{"frame":96,"values":[0.997,0.0067,-0.0769,0,0.0127,0.9686,0.2482,0,0.0761,-0.2484,0.9657,0,0,0.0996,0,1]},
{"frame":97,"values":[0.9975,0.0177,-0.069,0,0.0002,0.9679,0.2513,0,0.0712,-0.2507,0.9655,0,0,0.0996,0,1]}]}},
{"name":"mixamorig:Spine2","index":3,"matrix":[0.9977,0.0146,-0.0661,0,0.0028,0.9667,0.2559,0,0.0676,-0.2555,0.9644,0,0,0.1139,0,1],"rest":[1,0,0,0,0,1,0,0,0,0,1,0,0,0.1139,0,1],"parentBoneIndex":2,"length":0.1269
,"animation":
{"name":"anim","property":"_matrix","dataType":3,"framePerSecond":24,"loopBehavior":1,"keys":[
{"frame":0,"values":[0.9977,0.0067,-0.0678,0,0.0107,0.9676,0.2524,0,0.0673,-0.2525,0.9653,0,0,0.1139,0,1]},
{"frame":1,"values":[0.9977,0.0146,-0.0661,0,0.0028,0.9667,0.2559,0,0.0676,-0.2555,0.9644,0,0,0.1139,0,1]},
{"frame":2,"values":[0.9973,0.0475,-0.0563,0,-0.0304,0.9616,0.2726,0,0.0671,-0.2702,0.9605,0,0,0.1139,0,1]},
{"frame":3,"values":[0.9972,0.061,-0.0431,0,-0.0464,0.958,0.2829,0,0.0585,-0.2801,0.9582,0,0,0.1139,0,1]},
{"frame":4,"values":[0.9978,0.0607,-0.0275,0,-0.0505,0.9579,0.2825,0,0.0435,-0.2805,0.9589,0,0,0.1139,0,1]},
{"frame":5,"values":[0.9983,0.0565,-0.0155,0,-0.05,0.9592,0.2781,0,0.0306,-0.2769,0.9604,0,0,0.1139,0,1]},
{"frame":6,"values":[0.9985,0.0527,-0.0114,0,-0.0474,0.9589,0.2797,0,0.0257,-0.2787,0.96,0,0,0.1139,0,1]},
{"frame":7,"values":[0.9987,0.0489,-0.0131,0,-0.0431,0.9573,0.2858,0,0.0265,-0.2848,0.9582,0,0,0.1139,0,1]},
{"frame":8,"values":[0.9989,0.0446,-0.0174,0,-0.0376,0.9557,0.2918,0,0.0296,-0.2908,0.9563,0,0,0.1139,0,1]},
{"frame":9,"values":[0.9989,0.0399,-0.0241,0,-0.031,0.9548,0.2957,0,0.0348,-0.2947,0.955,0,0,0.1139,0,1]},
{"frame":10,"values":[0.9988,0.0352,-0.0328,0,-0.0239,0.9544,0.2974,0,0.0417,-0.2963,0.9542,0,0,0.1139,0,1]},
{"frame":11,"values":[0.9987,0.0308,-0.0413,0,-0.0173,0.955,0.2961,0,0.0485,-0.295,0.9542,0,0,0.1139,0,1]},
{"frame":12,"values":[0.9985,0.0265,-0.0483,0,-0.0112,0.956,0.2931,0,0.0539,-0.2921,0.9549,0,0,0.1139,0,1]},
{"frame":13,"values":[0.9983,0.0213,-0.0549,0,-0.0044,0.9566,0.2915,0,0.0587,-0.2907,0.955,0,0,0.1139,0,1]},
{"frame":14,"values":[0.998,0.016,-0.0615,0,0.0026,0.9568,0.2907,0,0.0635,-0.2902,0.9548,0,0,0.1139,0,1]},
{"frame":15,"values":[0.9977,0.0125,-0.066,0,0.007,0.9577,0.2877,0,0.0668,-0.2876,0.9554,0,0,0.1139,0,1]},
{"frame":16,"values":[0.9977,0.0136,-0.0666,0,0.0058,0.9593,0.2824,0,0.0677,-0.2822,0.957,0,0,0.1139,0,1]},
{"frame":17,"values":[0.9977,0.021,-0.065,0,-0.002,0.9602,0.2793,0,0.0683,-0.2785,0.958,0,0,0.1139,0,1]},
{"frame":18,"values":[0.9974,0.0318,-0.0641,0,-0.0126,0.9599,0.2799,0,0.0705,-0.2784,0.9579,0,0,0.1139,0,1]},
{"frame":19,"values":[0.9971,0.0429,-0.0626,0,-0.0237,0.9597,0.28,0,0.0721,-0.2777,0.9579,0,0,0.1139,0,1]},
{"frame":20,"values":[0.9969,0.0523,-0.0582,0,-0.0343,0.9606,0.2757,0,0.0703,-0.2729,0.9595,0,0,0.1139,0,1]},
{"frame":21,"values":[0.9969,0.0596,-0.0508,0,-0.0439,0.9624,0.268,0,0.0648,-0.2649,0.9621,0,0,0.1139,0,1]},
{"frame":22,"values":[0.9969,0.0668,-0.0413,0,-0.0538,0.9641,0.2601,0,0.0572,-0.2571,0.9647,0,0,0.1139,0,1]},
{"frame":23,"values":[0.9968,0.0751,-0.0283,0,-0.0656,0.9654,0.2523,0,0.0462,-0.2496,0.9672,0,0,0.1139,0,1]},
{"frame":24,"values":[0.9964,0.0838,-0.0113,0,-0.0785,0.9663,0.245,0,0.0314,-0.2432,0.9695,0,0,0.1139,0,1]},
{"frame":25,"values":[0.9959,0.0903,0.0042,0,-0.0887,0.9666,0.2406,0,0.0177,-0.24,0.9706,0,0,0.1139,0,1]},
{"frame":26,"values":[0.9955,0.0941,0.013,0,-0.0945,0.9666,0.2383,0,0.0098,-0.2385,0.9711,0,0,0.1139,0,1]},
{"frame":27,"values":[0.9952,0.0963,0.0163,0,-0.0974,0.9669,0.236,0,0.007,-0.2365,0.9716,0,0,0.1139,0,1]},
{"frame":28,"values":[0.995,0.0985,0.0178,0,-0.1,0.9673,0.2332,0,0.0057,-0.2338,0.9723,0,0,0.1139,0,1]},
{"frame":29,"values":[0.9946,0.1016,0.0195,0,-0.1033,0.9676,0.2303,0,0.0045,-0.231,0.9729,0,0,0.1139,0,1]},
{"frame":30,"values":[0.9943,0.1044,0.0227,0,-0.1068,0.9682,0.2261,0,0.0016,-0.2272,0.9738,0,0,0.1139,0,1]},
{"frame":31,"values":[0.9939,0.1056,0.0305,0,-0.1097,0.9695,0.2193,0,-0.0064,-0.2213,0.9752,0,0,0.1139,0,1]},
